1900 47.8
1901 45.3
1902 47.5
1903 50.0
1904 43.3
1905 41.4
1906 48.9
1907 41.8
1908 49.3
1910 48.3
1911 47.4
1912 45.4
1913 51.0
1914 47.3
1915 48.7
1916 46.1
1917 49.0
1918 49.0
1919 45.2
1920 49.6
1921 45.5
1922 48.7
1923 51.4
1924 45.0
1925 45.1
1926 46.9
1927 50.5
1928 46.3
1929 48.1
1930 51.0
1931 52.3
1932 43.2
1934 43.6
1935 49.8
1936 52.2
1938 47.6
1939 51.5
1940 50.2
1941 51.2
1942 50.5
1943 44.7
1944 53.3
1945 43.6
1946 45.2
1947 43.5
1948 48.1
1949 45.6
1950 48.0
1951 44.3
1952 48.0
1953 52.2
1954 49.8
1955 52.9
1956 52.5
1957 47.5
1958 51.2
1959 46.5
1960 47.4
1961 49.4
1962 48.7
1964 45.2
1965 52.3
1966 49.4
1967 48.6
1968 54.2
1969 50.0
1970 53.1
1971 49.1
1972 51.9
1973 50.1
1974 45.8
1975 49.4
1976 49.8
1977 46.7
1978 53.4
1979 51.6
1980 51.5
1981 50.1
1982 52.6
1983 53.0
1984 54.9
1985 46.3
1986 53.0
1987 47.8
1988 50.2
1990 46.4
1991 47.7
1992 46.8
1993 48.3
1994 46.0
